00963900000000
00963900000001
00963900000002
00963900000003
00963900000004
00963900000005
00963900000006
00963900000007
00963900000008
00963900000009
00963900000010
00963900000011
00963900000012
00963900000013
00963900000014
00963900000015
00963900000016
00963900000017
00963900000018
00963900000019
00963900000020
00963900000021
00963900000022
00963900000023
00963900000024
00963900000025
00963900000026
00963900000027
00963900000028
00963900000029
00963900000030
00963900000031
00963900000032
00963900000033
00963900000034
00963900000035
00963900000036
00963900000037
00963900000038
00963900000039
00963900000040
00963900000041
00963900000042
00963900000043
00963900000044
00963900000045
00963900000046
00963900000047
00963900000048
00963900000049
00963900000050
00963900000051
00963900000052
00963900000053
00963900000054
00963900000055
00963900000056
00963900000057
00963900000058
00963900000059
00963900000060
00963900000061
00963900000062
00963900000063
00963900000064
00963900000065
00963900000066
00963900000067
00963900000068
00963900000069
00963900000070
00963900000071
00963900000072
00963900000073
00963900000074
00963900000075
00963900000076
00963900000077
00963900000078
00963900000079
00963900000080
00963900000081
00963900000082
00963900000083
00963900000084
00963900000085
00963900000086
00963900000087
00963900000088
00963900000089
00963900000090
00963900000091
00963900000092
00963900000093
00963900000094
00963900000095
00963900000096
00963900000097
00963900000098
00963900000099
00963900000100
